========================
RPA-AXK@PBE
------------------------
Ref.    Error (kcal/mol)
------------------------
1                  1.083
2                  2.626
3                  5.260
4                  9.234
5                  4.506
6                 13.192
7                 27.093
8                 43.992
9                 -0.391
10                 4.479
11                13.383
12                24.097
13                 0.658
14                 9.536
15                22.173
16                34.785
------------------------
MAE:              13.530
========================

========================
RPA-SOSEX@PBE
------------------------
Ref.    Error (kcal/mol)
------------------------
1                 -0.473
2                 -0.983
3                 -1.639
4                 -2.458
5                 -5.821
6                 -9.377
7                -12.517
8                -14.793
9                 -6.800
10               -12.077
11               -17.011
12               -20.491
13               -11.439
14               -18.877
15               -24.448
16               -28.065
------------------------
MAE:              11.704
========================

========================
dRPA@PBE
------------------------
Ref.    Error (kcal/mol)
------------------------
1                  4.094
2                  6.918
3                 10.850
4                 15.889
5                 13.857
6                 25.787
7                 40.775
8                 56.563
9                  4.315
10                11.574
11                20.883
12                30.364
13                 7.776
14                18.900
15                30.932
16                41.544
------------------------
MAE:              21.314
========================

========================
C(HF)-RPA-AXK@PBE
------------------------
Ref.    Error (kcal/mol)
------------------------
1                  0.397
2                  0.814
3                  1.364
4                  1.992
5                 -2.391
6                 -1.603
7                  0.549
8                  3.808
9                 -2.350
10                -0.297
11                 3.954
12                 9.299
13                -2.453
14                 1.747
15                 8.286
16                14.814
------------------------
MAE:               3.507
========================

========================
C(HF)-RPA-SOSEX@PBE
------------------------
Ref.    Error (kcal/mol)
------------------------
1                 -0.033
2                 -0.018
3                 -0.038
4                 -0.194
5                 -5.226
6                 -6.931
7                 -8.189
8                 -9.043
9                 -6.778
10               -10.694
11               -14.127
12               -16.369
13               -10.935
14               -16.376
15               -20.124
16               -22.405
------------------------
MAE:               9.218
========================

========================
C(HF)-dRPA@PBE
------------------------
Ref.    Error (kcal/mol)
------------------------
1                  2.140
2                  2.992
3                  4.141
4                  5.536
5                  2.842
6                  6.124
7                 10.886
8                 16.516
9                  1.843
10                 6.557
11                12.627
12                18.790
13                 4.340
14                11.750
15                19.834
16                26.813
------------------------
MAE:               9.608
========================

========================
B3LYP
------------------------
Ref.    Error (kcal/mol)
------------------------
1                  3.171
2                  6.329
3                  9.765
4                 13.311
5                 19.568
6                 26.552
7                 33.566
8                 39.886
9                  6.859
10                12.224
11                16.986
12                21.037
13                10.920
14                17.390
15                22.761
16                26.884
------------------------
MAE:              17.951
========================
