========================
RPA-AXK@PBE
------------------------
Ref.    Error (kcal/mol)
------------------------
1                 -4.407
2                 -1.630
3                 -4.892
4                 -2.593
5                  1.707
6                  0.350
7                 -2.873
8                 -3.703
9                  1.962
10                 0.841
11                -0.071
12                 0.091
13                -2.123
14                -1.819
15                -1.046
16                 1.452
17                 1.581
18                 1.354
19                -0.921
20                 1.848
21                -2.931
22                 2.395
23                -1.385
24                 2.801
25                 3.034
------------------------
MAE:               1.992
========================

========================
RPA-SOSEX@PBE
------------------------
Ref.    Error (kcal/mol)
------------------------
1                 -5.073
2                 -7.783
3                 -6.812
4                 -0.897
5                 -3.593
6                 -2.239
7                 -0.316
8                 -4.370
9                 -4.393
10                -5.071
11                -6.687
12                -5.180
13                -6.370
14                -1.316
15                -1.314
16                -1.641
17                -2.243
18                -1.037
19                -1.554
20                -2.693
21                -4.236
22                 8.570
23                -0.619
24                 0.781
25                -2.146
------------------------
MAE:               3.477
========================

========================
dRPA@PBE
------------------------
Ref.    Error (kcal/mol)
------------------------
1                  3.506
2                  6.947
3                  1.330
4                  3.417
5                  8.971
6                  5.987
7                  0.781
8                  3.982
9                 10.042
10                 7.758
11                 7.997
12                 7.150
13                 5.060
14                 4.410
15                 5.712
16                 6.529
17                 7.247
18                 6.101
19                 3.592
20                 8.145
21                 6.464
22                 3.291
23                 5.795
24                 7.351
25                12.661
------------------------
MAE:               6.009
========================

========================
C(HF)-RPA-AXK@PBE
------------------------
Ref.    Error (kcal/mol)
------------------------
1                 -4.496
2                -13.824
3                -13.072
4                 -2.793
5                 -8.125
6                 -7.272
7                 -6.173
8                 -2.857
9                 -3.016
10                -3.928
11                -5.348
12                -4.226
13                -5.518
14                -3.533
15                -3.675
16                -8.699
17                -7.640
18                -6.960
19                -7.369
20                -3.349
21                -2.655
22                 2.556
23                -0.886
24                -3.966
25                 0.121
------------------------
MAE:               5.282
========================

========================
C(HF)-RPA-SOSEX@PBE
------------------------
Ref.    Error (kcal/mol)
------------------------
1                 -5.651
2                -16.617
3                -15.741
4                 -3.276
5                 -9.688
6                 -8.536
7                 -7.030
8                 -4.619
9                 -7.687
10                -8.311
11               -10.242
12                -8.562
13               -10.027
14                -3.893
15                -4.017
16               -10.108
17                -9.062
18                -8.222
19                -8.525
20                -6.242
21                -4.577
22                 6.117
23                -0.995
24                -4.884
25                -0.843
------------------------
MAE:               7.339
========================

========================
C(HF)-dRPA@PBE
------------------------
Ref.    Error (kcal/mol)
------------------------
1                  0.877
2                 -6.938
3                 -6.662
4                  1.189
5                 -3.106
6                 -2.855
7                 -2.363
8                  3.971
9                  4.213
10                 2.453
11                 2.033
12                 2.465
13                 1.676
14                 0.639
15                 0.850
16                -4.545
17                -3.425
18                -3.066
19                -3.289
20                 2.743
21                 5.564
22                 3.921
23                 3.752
24                 0.290
25                 6.071
------------------------
MAE:               3.158
========================

========================
B3LYP
------------------------
Ref.    Error (kcal/mol)
------------------------
1                  3.086
2                  6.039
3                  3.773
4                 -0.699
5                  5.480
6                  3.425
7                  1.543
8                  3.782
9                  4.219
10                 0.773
11                 4.057
12                 1.158
13                 1.411
14                 0.160
15                 1.830
16                 0.234
17                 2.454
18                 0.413
19                 0.094
20                 2.571
21                 7.635
22                 3.771
23                 4.046
24                 0.752
25                10.354
------------------------
MAE:               2.950
========================
