========================
RPA-AXK@PBE
------------------------
Ref.    Error (kcal/mol)
------------------------
1                  3.056
2                  3.606
3                  2.125
4                  7.933
5                  1.903
6                  2.070
7                  0.938
8                  0.694
9                  1.582
10                 6.601
11                -0.898
12                 0.029
13                 0.110
14                 0.191
15                 0.976
16                 0.285
17                -0.737
18                -1.285
19                 0.254
20                 1.043
21                 1.465
22                 0.757
23                 0.929
24                 0.241
25                 1.260
26                 1.462
27                 0.816
28                 2.377
29                 3.577
30                -0.815
31                -0.112
32                 2.739
33                 0.342
34                 0.162
35                 0.248
36                -1.115
37                 3.444
38                -1.907
39                -1.742
40                 0.049
41                 0.270
42                 0.301
43                 0.209
44                 0.141
45                 0.103
46                 1.547
47                -0.081
48                 0.069
49                 0.365
50                 0.599
51                 0.363
------------------------
MAE:               1.293
========================

========================
RPA-SOSEX@PBE
------------------------
Ref.    Error (kcal/mol)
------------------------
1                 -5.970
2                 -4.379
3                 -4.103
4                  0.375
5                 -5.003
6                 -1.139
7                 -2.264
8                 -4.787
9                 -3.972
10                 2.804
11                -4.547
12                -2.125
13                -1.677
14                -1.579
15                -1.302
16                -2.888
17                -1.490
18                -4.786
19                -2.239
20                -1.712
21                 0.590
22                -2.151
23                -2.332
24                -1.089
25                -0.124
26                -1.984
27                -1.909
28                 0.782
29                 1.649
30                -0.720
31                -1.930
32                 0.433
33                -0.399
34                -1.694
35                -1.349
36                -2.430
37                 2.047
38                -2.677
39                 0.121
40                -1.740
41                -0.003
42                -1.074
43                 0.246
44                -0.394
45                -0.180
46                 3.411
47                -0.098
48                 0.091
49                -0.287
50                 0.998
51                -0.275
------------------------
MAE:               1.850
========================

========================
dRPA@PBE
------------------------
Ref.    Error (kcal/mol)
------------------------
1                 10.308
2                 10.721
3                  6.269
4                 13.145
5                  5.072
6                  1.238
7                  4.457
8                  4.166
9                  4.232
10                 9.284
11                 0.580
12                 0.771
13                 0.725
14                 0.793
15                 1.818
16                 1.113
17                -1.520
18                 1.429
19                 0.551
20                 2.763
21                 1.452
22                 1.444
23                 2.019
24                 0.724
25                 1.976
26                 3.451
27                 2.015
28                 3.735
29                 4.529
30                -1.233
31                -0.319
32                 2.804
33                 0.972
34                -0.269
35                 1.557
36                -1.445
37                 3.937
38                -1.655
39                -1.352
40                -0.190
41                 0.569
42                 2.001
43                 0.332
44                 0.584
45                 0.303
46                 0.084
47                -0.068
48                 0.106
49                 1.055
50                 0.465
51                 1.048
------------------------
MAE:               2.444
========================

========================
C(HF)-RPA-AXK@PBE
------------------------
Ref.    Error (kcal/mol)
------------------------
1                 -1.322
2                 -0.227
3                 -0.758
4                  4.268
5                 -0.805
6                 -0.001
7                 -0.722
8                 -2.091
9                 -0.900
10                 2.116
11                -3.335
12                -0.761
13                -0.519
14                -0.394
15                 0.640
16                -1.006
17                -0.558
18                -4.807
19                -0.738
20                -0.627
21                 1.275
22                -0.071
23                -0.602
24                -0.027
25                 0.062
26                 0.463
27                 0.169
28                 2.633
29                 2.850
30                -0.761
31                -0.711
32                 0.837
33                -0.006
34                -0.394
35                -0.455
36                -1.490
37                 3.008
38                -3.790
39                -2.384
40                -0.858
41                 0.309
42                -1.388
43                 0.519
44                 0.214
45                 0.019
46                 1.759
47                -0.124
48                 0.178
49                 0.063
50                 1.586
51                 0.065
------------------------
MAE:               1.091
========================

========================
C(HF)-RPA-SOSEX@PBE
------------------------
Ref.    Error (kcal/mol)
------------------------
1                 -7.957
2                 -6.088
3                 -5.229
4                 -1.122
5                 -5.629
6                 -1.964
7                 -3.191
8                 -6.106
9                 -4.731
10                 0.887
11                -5.830
12                -2.417
13                -1.897
14                -1.754
15                -1.066
16                -3.190
17                -1.150
18                -6.216
19                -2.420
20                -1.345
21                 0.946
22                -2.021
23                -2.853
24                -1.011
25                -0.792
26                -2.121
27                -1.837
28                 2.280
29                 1.694
30                -0.654
31                -1.883
32                -0.528
33                -0.570
34                -1.578
35                -1.664
36                -2.443
37                 2.244
38                -4.069
39                -1.193
40                -2.003
41                 0.119
42                -2.331
43                 0.569
44                -0.207
45                -0.183
46                 3.204
47                -0.142
48                 0.202
49                -0.448
50                 1.956
51                -0.436
------------------------
MAE:               2.243
========================

========================
C(HF)-dRPA@PBE
------------------------
Ref.    Error (kcal/mol)
------------------------
1                  5.381
2                  6.206
3                  3.023
4                  8.905
5                  1.971
6                 -1.189
7                  2.577
8                  1.043
9                  1.465
10                 3.796
11                -1.954
12                -0.335
13                -0.177
14                -0.071
15                 1.116
16                -0.354
17                -1.482
18                -3.145
19                -0.563
20                 0.550
21                 0.680
22                 0.448
23                 0.263
24                 0.353
25                 0.525
26                 2.079
27                 1.028
28                 3.365
29                 3.322
30                -1.080
31                -0.982
32                 1.394
33                 0.562
34                -0.877
35                 0.713
36                -1.604
37                 3.121
38                -3.791
39                -1.802
40                -1.189
41                 0.572
42                -0.150
43                 0.627
44                 0.607
45                 0.194
46                 0.184
47                -0.105
48                 0.214
49                 0.651
50                 1.431
51                 0.649
------------------------
MAE:               1.566
========================

========================
B3LYP
------------------------
Ref.    Error (kcal/mol)
------------------------
1                  5.108
2                  5.626
3                  3.936
4                 12.786
5                  8.892
6                 12.861
7                  1.158
8                  5.671
9                  5.409
10                 6.471
11                -3.585
12                 0.967
13                 2.208
14                 2.467
15                 3.458
16                 2.345
17                -0.374
18                 2.188
19                 4.570
20                 4.594
21                 5.144
22                 5.483
23                 3.307
24                 3.337
25                 3.041
26                 4.725
27                -2.263
28                 6.126
29                -1.270
30                -0.015
31                 5.680
32                 8.440
33                 0.381
34                 1.978
35                 2.014
36                 9.053
37                -3.001
38                -2.986
39               -15.269
40                 4.403
41                 2.293
42                -0.828
43                 3.900
44                -0.856
45                -0.820
46                 4.950
47                -0.259
48                 1.335
49                 0.625
50                10.557
51                 0.628
------------------------
MAE:               4.111
========================
