1 01 01a 01b 1 -1 -1 -43.91
2 02 02a 02b 1 -1 -1 -42.61
3 03 03a 03b 1 -1 -1 -46.42
4 04 04a 04b 1 -1 -1 -43.67
5 05 05a 05b 1 -1 -1 -12.1
6 06 06a 06b 1 -1 -1 -16.03
7 07 07a 07b 1 -1 -1 -31.52
8 08 08a 08b 1 -1 -1 -25.8
9 09 09a 09b 1 -1 -1 -40.96
10 10 10a 10b 1 -1 -1 -35.5
11 11 11a 11b 1 -1 -1 -7.98
12 12 12a 12b 1 -1 -1 -13.23
13 13 13a 13b 1 -1 -1 -9.54
14 14 14a 14b 1 -1 -1 -7.8
15 15 15a 15b 1 -1 -1 -13.61
16 16 16a 16b 1 -1 -1 -11.22
17 17 17a 17b 1 -1 -1 -1.67
18 18 18a 18b 1 -1 -1 -2.73
19 19 19a 19b 1 -1 -1 -8.42
20 20 20a 20b 1 -1 -1 -6.67
21 21 21a 21b 1 -1 -1 -15.45
22 22 22a 22b 1 -1 -1 -12.48
23 23 23a 23b 1 -1 -1 -1.42
24 24 24a 24b 1 -1 -1 -2.84
25 25 25a 25b 1 -1 -1 -21.37
26 26 26a 26b 1 -1 -1 -15.73
27 27 27a 27b 1 -1 -1 -34.25
28 28 28a 28b 1 -1 -1 -27.42
29 29 29a 29b 1 -1 -1 -4.85
30 30 30a 30b 1 -1 -1 -9.31
