========================
RPA-AXK@PBE
------------------------
Ref.    Error (kcal/mol)
------------------------
1                  3.650
2                  4.589
3                  2.588
4                  3.470
5                  3.565
6                  2.848
7                  2.082
8                  2.537
9                  1.719
10                 2.339
11                 1.991
12                 1.920
13                 1.375
14                 2.024
15                 0.440
16                 1.201
17                 0.279
18                 0.357
19                 1.859
20                 2.052
21                 0.615
22                 1.369
23                 0.377
24                 0.559
25                 0.658
26                 1.215
27                 0.233
28                 0.917
29                 0.771
30                 0.788
------------------------
MAE:               1.680
========================

========================
RPA-SOSEX@PBE
------------------------
Ref.    Error (kcal/mol)
------------------------
1                  0.839
2                  1.585
3                 -0.080
4                  0.777
5                  3.062
6                  1.817
7                  0.771
8                  1.506
9                 -0.257
10                 0.560
11                 1.497
12                 0.977
13                 2.808
14                 3.167
15                 1.801
16                 2.350
17                 0.281
18                 0.356
19                 2.393
20                 2.365
21                 1.270
22                 1.788
23                 0.413
24                 0.597
25                 0.092
26                 0.762
27                -1.013
28                -0.127
29                 0.506
30                 0.233
------------------------
MAE:               1.202
========================

========================
dRPA@PBE
------------------------
Ref.    Error (kcal/mol)
------------------------
1                  3.471
2                  4.285
3                  2.604
4                  3.360
5                  3.551
6                  3.046
7                  2.029
8                  2.270
9                  1.927
10                 2.351
11                 2.142
12                 2.196
13                 0.473
14                 1.208
15                -0.452
16                 0.352
17                 0.331
18                 0.371
19                 1.332
20                 1.643
21                -0.219
22                 0.632
23                 0.406
24                 0.541
25                 0.579
26                 1.044
27                 0.418
28                 0.909
29                 0.928
30                 1.028
------------------------
MAE:               1.537
========================

========================
C(HF)-RPA-AXK@PBE
------------------------
Ref.    Error (kcal/mol)
------------------------
1                  0.481
2                  1.375
3                 -0.271
4                  0.774
5                  1.306
6                  0.586
7                  1.119
8                  1.786
9                  0.200
10                 1.100
11                 0.489
12                 0.325
13                 1.363
14                 1.628
15                 0.992
16                 1.432
17                 0.181
18                 0.173
19                 1.111
20                 1.216
21                 1.075
22                 1.410
23                 0.264
24                 0.287
25                 0.627
26                 0.982
27                -0.198
28                 0.609
29                 0.174
30                -0.054
------------------------
MAE:               0.786
========================

========================
C(HF)-RPA-SOSEX@PBE
------------------------
Ref.    Error (kcal/mol)
------------------------
1                 -0.607
2                  0.300
3                 -1.201
4                 -0.112
5                  1.019
6                  0.208
7                  0.736
8                  1.487
9                 -0.301
10                 0.678
11                 0.343
12                 0.087
13                 1.590
14                 1.828
15                 1.304
16                 1.714
17                 0.188
18                 0.184
19                 1.191
20                 1.283
21                 1.198
22                 1.513
23                 0.272
24                 0.304
25                 0.453
26                 0.860
27                -0.500
28                 0.381
29                 0.091
30                -0.204
------------------------
MAE:               0.738
========================

========================
C(HF)-dRPA@PBE
------------------------
Ref.    Error (kcal/mol)
------------------------
1                  0.867
2                  1.545
3                  0.077
4                  0.922
5                  1.579
6                  0.892
7                  0.999
8                  1.520
9                  0.132
10                 0.853
11                 0.568
12                 0.403
13                 0.899
14                 1.181
15                 0.313
16                 0.760
17                 0.163
18                 0.107
19                 0.869
20                 0.970
21                 0.567
22                 0.906
23                 0.244
24                 0.208
25                 0.394
26                 0.713
27                -0.453
28                 0.242
29                 0.188
30                -0.060
------------------------
MAE:               0.653
========================

========================
B3LYP
------------------------
Ref.    Error (kcal/mol)
------------------------
1                 -3.808
2                 -2.803
3                 -2.069
4                 -0.952
5                 -1.719
6                 -0.734
7                 -0.388
8                  0.331
9                  0.650
10                 1.475
11                 0.442
12                 1.207
13                -0.942
14                 0.060
15                -1.200
16                -0.060
17                 0.651
18                 0.705
19                -0.387
20                 0.575
21                -1.690
22                -0.284
23                 0.531
24                 0.499
25                 0.928
26                 1.558
27                 1.777
28                 2.324
29                 1.185
30                 1.749
------------------------
MAE:               1.123
========================
