========================
RPA-AXK@PBE
------------------------
Ref.    Error (kcal/mol)
------------------------
1                 -0.178
2                  4.273
3                  1.665
4                  0.807
5                 -1.488
6                 -6.116
7                 -0.485
8                 -2.903
9                 -0.582
10                 2.377
11                 0.694
12                -0.905
13                -4.923
14                -0.023
15                -1.521
16                 1.468
17                -1.070
18                -0.601
19                -3.190
20                -4.854
21                 1.742
22                -3.024
23                -2.255
24                -0.145
25                 0.718
26                -2.561
27                -3.143
28                -1.231
29                 2.816
30                 2.507
31                -3.210
32                -0.223
33                -2.022
34                -1.646
35                -0.914
36                 2.747
------------------------
MAE:               1.973
========================

========================
RPA-SOSEX@PBE
------------------------
Ref.    Error (kcal/mol)
------------------------
1                 -1.519
2                  0.195
3                 -2.525
4                 -1.113
5                 -1.417
6                 -0.908
7                 -6.103
8                 -5.744
9                 -3.354
10                -1.331
11                -3.087
12                -2.039
13                 0.083
14                -5.666
15                -3.495
16                 1.756
17                -3.992
18                -4.618
19                -4.712
20                -4.577
21                 1.171
22                -0.140
23                -0.933
24                -2.712
25                -2.595
26                -1.199
27                -3.659
28                -2.936
29                 3.828
30                17.556
31                -0.123
32                -0.421
33                 1.234
34                 3.672
35                 2.868
36                 2.277
------------------------
MAE:               2.932
========================

========================
dRPA@PBE
------------------------
Ref.    Error (kcal/mol)
------------------------
1                 10.834
2                 14.450
3                  5.243
4                 10.401
5                  5.512
6                 -2.174
7                 10.344
8                  4.226
9                  8.278
10                 6.562
11                 9.300
12                 5.538
13                -0.442
14                 8.698
15                 4.071
16                 6.504
17                 6.281
18                 7.538
19                 2.868
20                -0.193
21                 7.512
22                 2.535
23                 4.525
24                 5.792
25                 7.186
26                 1.482
27                 1.160
28                 3.670
29                 6.681
30                -0.802
31                 4.289
32                 3.735
33                 4.416
34                -0.082
35                 0.796
36                 7.510
------------------------
MAE:               5.323
========================

========================
C(HF)-RPA-AXK@PBE
------------------------
Ref.    Error (kcal/mol)
------------------------
1                 -0.568
2                  1.095
3                -12.728
4                  0.680
5                 -0.860
6                 -1.479
7                -10.372
8                -10.460
9                 -2.647
10                -9.081
11                -4.006
12                -4.019
13                -3.042
14                -9.365
15                -7.899
16                 0.392
17                -3.813
18                -4.210
19                -5.119
20                -5.228
21                -3.483
22                -2.748
23                -2.934
24                -9.146
25                -7.432
26                -6.858
27                -4.963
28                -3.690
29                 1.532
30                 5.473
31                 0.544
32                 3.393
33                 1.165
34                -1.864
35                -3.113
36                 0.301
------------------------
MAE:               4.325
========================

========================
C(HF)-RPA-SOSEX@PBE
------------------------
Ref.    Error (kcal/mol)
------------------------
1                 -1.180
2                  0.313
3                -14.357
4                  0.109
5                 -1.324
6                 -1.777
7                -12.371
8                -12.256
9                 -3.307
10               -10.444
11                -4.829
12                -4.506
13                -3.131
14               -10.893
15                -8.878
16                 0.113
17                -6.343
18                -7.002
19                -7.033
20                -6.932
21                -4.384
22                -2.747
23                -2.973
24               -10.531
25                -8.676
26                -7.649
27                -6.136
28                -5.452
29                 2.074
30                15.226
31                 1.576
32                 3.221
33                 1.726
34                -1.631
35                -4.106
36                -0.152
------------------------
MAE:               5.427
========================

========================
C(HF)-dRPA@PBE
------------------------
Ref.    Error (kcal/mol)
------------------------
1                  7.580
2                  6.768
3                 -8.791
4                  7.280
5                  4.722
6                  3.163
7                 -2.254
8                 -3.754
9                  2.448
10                -5.490
11                 1.592
12                 0.533
13                 0.704
14                -3.172
15                -3.242
16                 5.601
17                 3.207
18                 3.411
19                 1.135
20                 0.385
21                 2.211
22                 1.548
23                 1.966
24                -4.012
25                -2.395
26                -2.611
27                -0.397
28                 1.378
29                 5.537
30                 3.070
31                 7.247
32                 6.573
33                 5.264
34                 0.793
35                 1.201
36                 4.951
------------------------
MAE:               3.511
========================

========================
B3LYP
------------------------
Ref.    Error (kcal/mol)
------------------------
1                  0.327
2                  6.415
3                 -4.830
4                 11.093
5                  6.427
6                  2.543
7                 11.840
8                  6.522
9                  6.776
10                 1.870
11                 0.876
12                -0.881
13                -2.387
14                 4.339
15                 2.203
16                -3.462
17                -0.687
18                 5.284
19                -1.703
20                -0.490
21                -2.207
22                 0.365
23                 2.521
24                -1.189
25                 2.103
26                -0.623
27                -4.734
28                -5.046
29                 3.542
30                 5.253
31                10.444
32                 4.935
33                 4.386
34                -2.945
35                -1.734
36                 2.044
------------------------
MAE:               3.751
========================
