========================
RPA-AXK@PBE
------------------------
Ref.    Error (kcal/mol)
------------------------
1                  0.204
2                  0.279
3                  0.223
4                  0.193
5                 -0.100
6                  0.158
7                  0.088
8                 -0.204
9                 -0.213
10                -0.153
11                -0.335
12                -0.601
13                 0.462
14                -0.260
15                 0.526
16                -0.090
17                 0.197
18                -0.017
19                -0.239
20                -0.090
21                 0.117
22                 0.256
------------------------
MAE:               0.227
========================

========================
RPA-SOSEX@PBE
------------------------
Ref.    Error (kcal/mol)
------------------------
1                  0.120
2                  0.250
3                  1.210
4                  0.743
5                  1.256
6                  0.618
7                  0.457
8                 -0.238
9                 -0.131
10                -0.185
11                -0.556
12                -0.728
13                 0.749
14                -0.549
15                 0.629
16                 0.088
17                 0.199
18                -0.024
19                 0.076
20                -0.032
21                 0.155
22                 0.391
------------------------
MAE:               0.427
========================

========================
dRPA@PBE
------------------------
Ref.    Error (kcal/mol)
------------------------
1                  0.103
2                  0.249
3                 -0.031
4                  0.003
5                 -0.760
6                  0.046
7                 -0.003
8                 -0.194
9                 -0.306
10                -0.099
11                 0.015
12                -0.306
13                 0.649
14                 0.286
15                 0.995
16                -0.182
17                 0.178
18                -0.009
19                -0.408
20                -0.060
21                 0.175
22                 0.141
------------------------
MAE:               0.236
========================


========================
C(HF)-RPA-AXK@PBE
------------------------
Ref.    Error (kcal/mol)
------------------------
1                  0.051
2                  0.155
3                  0.346
4                  0.182
5                  0.012
6                 -0.033
7                 -0.172
8                 -0.280
9                 -0.346
10                -0.310
11                -0.784
12                -0.974
13                 0.015
14                -0.913
15                -0.225
16                -0.101
17                 0.064
18                -0.150
19                -0.250
20                -0.283
21                -0.176
22                 0.024
------------------------
MAE:               0.266
========================

========================
C(HF)-RPA-SOSEX@PBE
------------------------
Ref.    Error (kcal/mol)
------------------------
1                 -0.029
2                  0.108
3                  1.041
4                  0.560
5                  0.968
6                  0.252
7                  0.047
8                 -0.310
9                 -0.299
10                -0.345
11                -0.982
12                -1.110
13                 0.166
14                -1.177
15                -0.235
16                 0.023
17                 0.047
18                -0.169
19                -0.035
20                -0.259
21                -0.180
22                 0.085
------------------------
MAE:               0.383
========================

========================
C(HF)-dRPA@PBE
------------------------
Ref.    Error (kcal/mol)
------------------------
1                 -0.039
2                  0.132
3                  0.161
4                  0.044
5                 -0.562
6                 -0.098
7                 -0.205
8                 -0.269
9                 -0.423
10                -0.251
11                -0.442
12                -0.675
13                 0.217
14                -0.382
15                 0.257
16                -0.182
17                 0.057
18                -0.134
19                -0.387
20                -0.236
21                -0.100
22                -0.039
------------------------
MAE:               0.240
========================

========================
B3LYP
------------------------
Ref.    Error (kcal/mol)
------------------------
1                  0.369
2                  1.080
3                  0.272
4                 -0.589
5                 -1.701
6                 -1.831
7                 -2.427
8                 -0.889
9                 -1.772
10                -2.075
11                -5.916
12                -6.148
13                -7.564
14                -8.543
15               -11.378
16                -0.619
17                -1.059
18                -1.686
19                -2.282
20                -3.365
21                -4.463
22                -2.979
------------------------
MAE:               3.137
========================
