01 -1 1
01a -1 1
01b 0 1
02 -1 1
02a -1 1
02b 0 1
03 -1 1
03a -1 1
03b 0 1
04 -1 1
04a -1 1
04b 0 1
05 0 1
05a 0 1
05b 0 1
06 0 1
06a 0 1
06b 0 1
07 -1 1
07a -1 1
07b 0 1
08 -1 1
08a -1 1
08b 0 1
09 -1 1
09a -1 1
09b 0 1
10 -1 1
10a -1 1
10b 0 1
11 0 1
11a 0 1
11b 0 1
12 0 1
12a 0 1
12b 0 1
13 -1 1
13a -1 1
13b 0 1
14 -1 1
14a -1 1
14b 0 1
15 -1 1
15a -1 1
15b 0 1
16 -1 1
16a -1 1
16b 0 1
17 0 1
17a 0 1
17b 0 1
18 0 1
18a 0 1
18b 0 1
19 -1 1
19a -1 1
19b 0 1
20 -1 1
20a -1 1
20b 0 1
21 -1 1
21a -1 1
21b 0 1
22 -1 1
22a -1 1
22b 0 1
23 0 1
23a 0 1
23b 0 1
24 0 1
24a 0 1
24b 0 1
25 -1 1
25a -1 1
25b 0 1
26 -1 1
26a -1 1
26b 0 1
27 -1 1
27a -1 1
27b 0 1
28 -1 1
28a -1 1
28b 0 1
29 0 1
29a 0 1
29b 0 1
30 0 1
30a 0 1
30b 0 1
