1     36     01     -2     1     0.0035171968154022286
2     36     02     -2     1     0.002724666110476923
3     36     03     -2     1     0.002100459867278149
4     36     04     -2     1     0.0016101835638355864
5     36     05     -2     1     0.0012262386139628833
6     36     06     -2     1     0.0009265334802196741
7     36     07     -2     1     0.0006934101349706957
8     36     08     -2     1     0.0005127921897639527
9     36     09     -2     1     0.0003164352919203024
10     36     10     -2     1     0.0001849627822659813
11     36     11     -2     1     9.824970201409306e-05
12     36     12     -2     1     4.216582608676815e-05
13     36     13     -2     1     6.9099388192756194e-06
14     36     14     -2     1     -1.4725575324652904e-06
15     36     15     -2     1     -1.4389899189492144e-05
16     36     16     -2     1     -2.6439540984984242e-05
17     36     17     -2     1     -3.2462777843239447e-05
18     36     18     -2     1     -3.4654197675543676e-05
19     36     19     -2     1     -3.4803036830840595e-05
20     36     20     -2     1     -3.4486358014362197e-05
21     36     21     -2     1     -3.293146389399645e-05
22     36     22     -2     1     -3.063237240354499e-05
23     36     23     -2     1     -2.8000769669712227e-05
24     36     24     -2     1     -2.5293163318740178e-05
25     36     25     -2     1     -2.265839250592575e-05
26     36     26     -2     1     -2.0188294868912226e-05
27     36     27     -2     1     -1.5871957771700258e-05
28     36     28     -2     1     -1.2423322129624151e-05
29     36     29     -2     1     -9.731549799156072e-06
30     36     30     -2     1     -7.654134595760252e-06
31     36     31     -2     1     -4.829357130499223e-06
32     36     32     -2     1     -3.1351233109782815e-06
33     36     33     -2     1     -1.6213966877622168e-06
34     36     34     -2     1     -5.225210830300794e-07
35     36     35     -2     1     -1.3300529415306124e-07
