========================
RPA-AXK@PBE
------------------------
Ref.    Error (kcal/mol)
------------------------
1                  1.245
2                  0.909
3                  1.123
4                  0.713
5                  1.239
6                  0.885
7                  1.616
8                  1.447
9                  1.634
10                 1.584
11                 0.956
12                 1.078
13                 1.076
14                 1.197
------------------------
MAE:               1.193
========================

========================
RPA-SOSEX@PBE
------------------------
Ref.    Error (kcal/mol)
------------------------
1                 -4.343
2                 -4.401
3                 -2.586
4                 -1.938
5                 -3.318
6                 -3.362
7                 -0.681
8                 -1.031
9                 -0.995
10                -1.208
11                -2.815
12                -2.693
13                -3.037
14                -2.918
------------------------
MAE:               2.523
========================

========================
dRPA@PBE
------------------------
Ref.    Error (kcal/mol)
------------------------
1                  2.361
2                  2.350
3                  0.989
4                  0.390
5                  1.638
6                  1.645
7                  0.595
8                  0.623
9                  0.733
10                 0.872
11                 0.519
12                 0.682
13                 0.773
14                 0.945
------------------------
MAE:               1.080
========================

========================
C(HF)-RPA-AXK@PBE
------------------------
Ref.    Error (kcal/mol)
------------------------
1                 -0.611
2                 -0.799
3                 -0.050
4                  0.103
5                 -0.149
6                 -0.190
7                  1.083
8                  0.812
9                  0.972
10                 0.852
11                -0.224
12                -0.080
13                -0.215
14                -0.067
------------------------
MAE:               0.443
========================

========================
C(HF)-RPA-SOSEX@PBE
------------------------
Ref.    Error (kcal/mol)
------------------------
1                 -4.358
2                 -4.570
3                 -2.402
4                 -1.698
5                 -3.106
6                 -3.136
7                 -0.275
8                 -0.685
9                 -0.610
10                -0.853
11                -2.594
12                -2.446
13                -2.816
14                -2.666
------------------------
MAE:               2.301
========================

========================
C(HF)-dRPA@PBE
------------------------
Ref.    Error (kcal/mol)
------------------------
1                  0.201
2                  0.123
3                 -0.375
4                 -0.551
5                  0.034
6                  0.163
7                 -0.044
8                 -0.137
9                 -0.036
10                 0.017
11                -0.794
12                -0.618
13                -0.652
14                -0.462
------------------------
MAE:               0.301
========================

========================
B3LYP
------------------------
Ref.    Error (kcal/mol)
------------------------
1                 10.962
2                  7.039
3                 13.969
4                 11.367
5                 14.345
6                 11.464
7                 17.537
8                 16.981
9                 17.666
10                17.038
11                17.982
12                17.658
13                18.162
14                17.780
------------------------
MAE:              14.996
========================
